[solid]
diffuse = 0.196078  0.588235  1.000000  1.000000
specular = 0.098039  0.294118  0.500000  1.000000
specularPower = 32.000000
emissive = 0.000000  0.000000  0.000000  1.000000
ambient = 0.000000  0.000000  0.000000  1.000000
